16507.20
14753.02
13192.70
12897.70
14197.25
12921.82
13104.12
10716.18
15138.34
16146.78
13192.70
17149.54
13997.70
19785.65
12387.70
13192.70
21447.88
16412.70
10584.50
14907.35
14802.70
18022.70
14802.70
18827.70
13281.25
12113.27
16533.45
17217.70
11582.70
16412.70
24050.78
21242.70
10777.70
8241.95
8282.20
18022.70
13192.70
14802.70
19632.70
12387.70
11582.70
13522.02
16412.70
21242.70
8684.70
11582.70
18022.70
13172.73
14802.70
17217.70
17876.34
18022.70
22852.70
16412.70
14802.70
13192.70
16412.70
15168.61
14593.40
13192.70
19632.70
10887.47
13997.70
2634.55






